1444,35
0,884
0,883
0,702
0,527
0,894
0,895
0,893
0,417
0,892
0,472
0,891
0,890
0,688
0,889
0,888
0,378
0,887
0,404
0,882
0,687
0,880
0,879
0,477
13,11
14,354
0,320
0,581
13,1
13,10
13,3
14,1
14,388
14,3
0,474
0,9
0,698
0,878
0,877
0,534
0,876
0,997
0,875
0,661
0,871
0,684
0,870
0,683
0,873
0,868
0,867
0,866
0,865
0,864
0,991
0,869
0,859
0,858
0,857
0,874
0,862
0,861
0,860
0,856
0,855
0,854
0,853
0,852
0,851
0,850
0,835
0,849
0,848
1444,34
1444,33
1444,32
1444,31
1444,30
1444,29
1444,28
1444,27
1444,26
1444,25
1444,24
1444,23
1444,22
1444,21
1444,20
1444,19
1444,18
1444,17
1444,16
1444,15
1444,14
1444,13
1444,12
1444,11
1444,10
1444,9
1444,8
1444,7
1444,6
1444,5
1444,4
1444,3
1444,2
1444,0
0,574
0,568
0,558
0,556
0,555
0,553
0,552
0,515
0,514
0,499
0,381
0,380
0,536
0,517
0,535
0,563
0,550
0,276
0,522
0,521
0,566
0,275
0,272
0,271
0,307
0,12
0,394
0,10
0,561
0,8
0,836
0,785
0,376
0,268
0,975
0,332
0,814
0,267
0,845
0,1158
0,369
0,266
0,982
0,1183
0,299
0,265
0,844
0,1182
0,280
0,264
0,344
0,1157
0,361
0,263
0,434
0,274
0,262
0,1015
0,1180
0,317
0,261
0,337
0,1181
0,314
0,260
0,321
0,1127
0,353
0,259
0,335
0,520
0,1179
0,258
0,331
0,1155
0,402
0,257
0,979
0,401
0,256
0,699
0,1178
0,399
0,255
0,1022
0,1154
0,382
0,254
0,697
0,1125
0,453
0,253
0,696
0,1153
0,502
0,252
0,843
0,1124
0,681
0,251
0,695
